116
119
5
263
49
82
63
217
29
90
186
22
219
258
55
194
23
57
81
264
1
76
241
177
14
204
238
159
80
247
228
185
99
211
230
244
88
73
246
12
95
134
173
167
53
123
43
37
226
165
16
77
178
92
259
150
141
38
170
60
175
231
18
176
21
139
133
96
207
181
153
2
144
143
157
31
236
232
193
34
15
44
184
218
32
122
75
132
261
252
64
108
136
158
129
66
199
209
262
188
152
206
182
190
28
13
198
106
202
67
200
250
169
78
249
257
7
10
68
163
25
56
149
147
117
162
142
195
61
47
235
148
79
36
216
93
84
11
3
221
100
215
220
180
210
154
196
130
155
145
42
126
109
4
138
255
39
115
245
59
161
30
111
41
265
222
112
62
6
135
174
128
237
87
124
101
248
239
113
203
233
125
156
69
89
242
40
74
256
140
26
160
254
8
229
45
213
9
48
183
240
251
225
179
253
97
24
146
85
127
17
94
120
50
243
83
86
208
260
70
131
72
51
172
137
166
168
224
191
171
20
234
201
98
187
91
192
19
102
121
58
212
114
33
35
197
71
227
118
105
107
214
164
54
205
27
46
223
52
189
65
151