143
146
223
115
53
86
182
154
13
75
229
101
149
3
96
29
235
164
4
69
26
32
57
99
230
191
213
31
2
233
160
17
168
156
141
255
24
7
195
121
197
139
40
218
206
105
48
133
185
16
81
245
162
145
66
232
77
248
217
259
23
87
244
172
169
18
97
83
67
37
78
9
6
27
170
179
63
228
242
219
253
138
142
150
247
175
102
58
118
45
226
51
212
153
174
158
88
76
72
36
257
98
246
125
70
262
211
112
19
261
249
89
147
187
1
12
20
55
250
163
124
33
131
79
188
231
108
215
200
239
237
224
205
167
22
119
148
238
137
151
260
194
64
240
171
34
28
106
208
91
165
44
21
80
135
15
59
236
93
52
220
30
90
196
210
201
104
49
152
227
38
207
178
176
190
60
94
254
46
265
129
123
202
159
189
41
225
184
128
251
209
74
95
134
11
61
241
221
199
256
73
8
204
263
65
35
136
155
183
234
222
203
252
132
107
10
180
84
122
140
113
264
117
130
14
173
127
161
116
126
192
5
114
54
39
120
186
100
56
25
157
71
43
68
50
47
144
181
82
62
243
166
193
216
198
177
214
111
42
92
258
85
109